22 22 99 99 
22 33 66 99 
22 36 36 58 
22 66 33 99 
22 99 22 99 
24 22 88 79 
24 24 48 48 
24 44 44 79 
24 48 24 48 
24 88 22 79 
25 33 55 69 
25 55 33 69 
26 22 77 59 
26 77 22 59 
28 22 66 39 
28 24 36 28 
28 33 44 39 
28 36 24 28 
28 44 33 39 
28 66 22 39 
33 33 88 88 
33 44 66 88 
33 66 44 88 
33 88 33 88 
35 44 55 68 
35 55 44 68 
36 22 99 58 
36 33 66 58 
36 36 36 36 
36 63 63 99 
36 66 33 58 
36 99 22 58 
37 22 88 48 
37 42 84 79 
37 44 44 48 
37 84 42 79 
37 88 22 48 
38 22 77 38 
38 77 22 38 
39 22 66 28 
39 33 44 28 
39 42 63 39 
39 44 33 28 
39 63 42 39 
39 66 22 28 
44 44 77 77 
44 77 44 77 
45 55 55 67 
48 22 88 37 
48 24 48 24 
48 44 44 37 
48 48 24 24 
48 88 22 37 
52 66 77 96 
52 77 66 96 
55 55 66 66 
55 66 55 66 
58 22 99 36 
58 33 66 36 
58 36 36 22 
58 63 63 58 
58 66 33 36 
58 99 22 36 
59 22 77 26 
59 77 22 26 
63 55 99 85 
63 99 55 85 
64 55 88 75 
64 88 55 75 
65 55 77 65 
65 77 55 65 
66 55 66 55 
66 66 55 55 
67 55 55 45 
68 44 55 35 
68 55 44 35 
69 33 55 25 
69 55 33 25 
75 55 88 64 
75 88 55 64 
77 44 77 44 
77 77 44 44 
79 22 88 24 
79 42 84 37 
79 44 44 24 
79 84 42 37 
79 88 22 24 
85 55 99 63 
85 99 55 63 
88 33 88 33 
88 44 66 33 
88 66 44 33 
88 88 33 33 
96 66 77 52 
96 77 66 52 
99 22 99 22 
99 33 66 22 
99 63 63 36 
99 66 33 22 
99 99 22 22
